0 1
9 1
10 1
-1 1
11 1
28 1
22 1
36 1
35 1
18 1
23 1
17 1
7 1
-7 1
2 1
14 1
4 1
-9 1
1 1
-8 1
-4 1
-21 1
-32 1
-15 1
5 1
-10 1
-23 1
-6 1
-16 1
3 1
-12 1
-2 1
-5 1
-19 1
-22 1
-28 1
-46 1
-60 1
-59 1
-78 1
-67 1
-79 1
-62 1
-64 1
-72 1
-56 1
-41 1
-35 1
-36 1
-30 1
-47 1
-27 1
-33 1
-52 1
-70 1
-71 1
-68 1
-87 1
-103 1
-92 1
-97 1
-81 1
-86 1
-88 1
-99 1
-100 1
-102 1
-93 1
-101 1
-109 1
-120 1
-139 1
-145 1
-159 1
-146 1
-160 1
-167 1
-173 1
-157 1
-172 1
-164 1
-165 1
-179 1
-177 1
-169 1
-188 1
-186 1
-183 1
-199 1
-193 1
-202 1
-208 1
-222 1
-204 1
-200 1
-191 1
-190 1
-187 1
-197 1
-184 1
-201 1
-185 1
-166 1
-148 1
-128 1
-124 1
-133 1
-149 1
-131 1
-141 1
-126 1
-138 1
-122 1
-137 1
-119 1
-110 1
-95 1
-111 1
-108 1
-107 1
-121 1
-123 1
-105 1
-118 1
-129 1
-114 1
-98 1
-116 1
-117 1
-127 1
-115 1
-85 1
-73 1
-66 1
-69 1
-63 1
-54 1
-51 1
-39 1
-57 1
-53 1
-40 1
-38 1
-50 1
-37 1
-31 1
-25 1
-20 1
-43 1
-42 1
-26 1
-48 1
-45 1
-55 1
-75 1
-82 1
-94 1
-96 1
-84 1
-76 1
-89 1
-91 1
-106 1
-112 1
-125 1
-113 1
-104 1
-83 1
-74 1
-80 1
-58 1
-61 1
-49 1
-44 1
-29 1
-13 1
-24 1
-11 1
-3 1
16 1
15 1
21 1
24 1
33 1
43 1
58 1
54 1
63 1
67 1
69 1
64 1
49 1
48 1
53 1
68 1
50 1
39 1
26 1
32 1
19 1
8 1
6 1
25 1
44 1
60 1
41 1
47 1
65 1
79 1
85 1
74 1
81 1
82 1
70 1
87 1
103 1
110 1
127 1
146 1
142 1
158 1
163 1
150 1
145 1
132 1
139 1
131 1
133 1
129 1
143 1
125 1
112 1
102 1
96 1
94 1
115 1
100 1
104 1
101 1
95 1
89 1
92 1
88 1
105 1
98 1
99 1
113 1
122 1
138 1
141 1
126 1
124 1
128 1
117 1
106 1
91 1
107 1
93 1
108 1
116 1
111 1
97 1
83 1
75 1
71 1
56 1
59 1
40 1
34 1
29 1
12 1
42 1
51 1
55 1
57 1
72 1
90 1
86 1
84 1
78 1
62 1
76 1
66 1
61 1
80 1
118 1
134 1
130 1
137 1
148 1
167 1
170 1
179 1
168 1
186 1
176 1
180 1
169 1
157 1
156 1
152 1
166 1
160 1
171 1
187 1
201 1
208 1
210 1
213 1
196 1
214 1
229 1
220 1
227 1
236 1
232 1
242 1
243 1
255 1
254 1
235 1
217 1
207 1
200 1
195 1
183 1
202 1
206 1
218 1
222 1
205 1
199 1
193 1
172 1
161 1
162 1
164 1
151 1
144 1
154 1
147 1
153 1
159 1
175 1
165 1
181 1
194 1
177 1
198 1
191 1
184 1
197 1
185 1
192 1
178 1
174 1
173 1
155 1
149 1
121 1
109 1
119 1
136 1
123 1
120 1
140 1
135 1
204 1
188 1
190 1
182 1
209 1
211 1
228 1
216 1
225 1
230 1
250 1
245 1
253 1
247 1
266 1
257 1
264 1
270 1
282 1
295 1
299 1
312 1
324 1
329 1
348 1
362 1
363 1
356 1
347 1
337 1
344 1
335 1
318 1
304 1
296 1
307 1
326 1
331 1
313 1
311 1
293 1
289 1
291 1
309 1
321 1
328 1
317 1
310 1
290 1
277 1
261 1
260 1
267 1
252 1
248 1
233 1
246 1
234 1
251 1
259 1
240 1
258 1
273 1
262 1
244 1
226 1
223 1
239 1
256 1
238 1
219 1
212 1
215 1
224 1
237 1
221 1
203 1
189 1
231 1
263 1
275 1
276 1
294 1
274 1
268 1
279 1
272 1
286 1
306 1
297 1
314 1
301 1
315 1
323 1
316 1
325 1
305 1
308 1
292 1
287 1
302 1
319 1
320 1
336 1
332 1
345 1
361 1
359 1
364 1
379 1
387 1
365 1
381 1
398 1
385 1
369 1
372 1
370 1
380 1
366 1
374 1
392 1
378 1
360 1
354 1
352 1
353 1
349 1
342 1
338 1
340 1
355 1
373 1
358 1
367 1
376 1
371 1
394 1
410 1
395 1
408 1
401 1
412 1
396 1
416 1
409 1
422 1
436 1
438 1
447 1
428 1
443 1
448 1
454 1
439 1
434 1
415 1
437 1
427 1
429 1
455 1
458 1
446 1
460 1
420 1
435 1
432 1
450 1
500 1
525 1
572 1
556 1
603 1
620 1
621 1
627 1
617 1
610 1
628 1
636 1
642 1
667 1
663 1
704 1
576 1
573 1
513 1
419 1
414 1
377 1
357 1
334 1
346 1
339 1
351 1
343 1
350 1
333 1
327 1
322 1
285 1
284 1
298 1
280 1
281 1
300 1
288 1
271 1
265 1
283 1
303 1
278 1
269 1
330 1
341 1
456 1
383 1
440 1
375 1
384 1
241 1
249 1
1225 1
83480 1
83483 1
83473 1
83465 1
83447 1
83440 1
83454 1
83448 1
83445 1
83442 1
83460 1
83459 1
83453 1
83444 1
83461 1
83467 1
83457 1
83472 1
83477 1
83497 1
83507 1
83524 1
83513 1
83494 1
83509 1
83501 1
83491 1
83502 1
83521 1
83527 1
83529 1
83532 1
83528 1
83543 1
83553 1
83564 1
83570 1
83583 1
83598 1
83580 1
83595 1
83582 1
83576 1
83585 1
83575 1
83559 1
83551 1
83573 1
83592 1
83607 1
83614 1
83616 1
83630 1
83611 1
83624 1
83625 1
83621 1
83615 1
83613 1
83600 1
83584 1
83594 1
83601 1
83593 1
83612 1
83597 1
83591 1
83577 1
83590 1
83569 1
83565 1
83548 1
83558 1
83571 1
83557 1
83561 1
83555 1
83563 1
83579 1
83560 1
83552 1
83542 1
83539 1
83522 1
83534 1
83546 1
83567 1
83568 1
83566 1
83572 1
83586 1
83604 1
83608 1
83626 1
83610 1
83619 1
83632 1
83647 1
83659 1
83661 1
83655 1
83651 1
83669 1
83684 1
83674 1
83658 1
83675 1
83660 1
83680 1
83699 1
83718 1
83721 1
83702 1
83712 1
83697 1
83713 1
83716 1
83714 1
83700 1
83708 1
83709 1
83705 1
83703 1
83710 1
83690 1
83679 1
83689 1
83687 1
83670 1
83676 1
83667 1
83653 1
83646 1
83631 1
83644 1
83663 1
83681 1
83698 1
83706 1
83704 1
83694 1
83683 1
83692 1
83677 1
83686 1
83682 1
83673 1
83691 1
83707 1
83711 1
83724 1
83723 1
83728 1
83731 1
83734 1
83751 1
83748 1
83755 1
83742 1
83760 1
83744 1
83749 1
83766 1
83784 1
83798 1
83785 1
83769 1
83778 1
83761 1
83768 1
83773 1
83771 1
83756 1
83736 1
83739 1
83747 1
83746 1
83752 1
83745 1
83735 1
83729 1
83733 1
83725 1
83740 1
83741 1
83730 1
83732 1
83738 1
83753 1
83770 1
83759 1
83775 1
83787 1
83792 1
83806 1
83801 1
83782 1
83799 1
83819 1
83803 1
83815 1
83804 1
83821 1
83828 1
83846 1
83856 1
83844 1
83857 1
83841 1
83859 1
83876 1
83866 1
83853 1
83843 1
83830 1
83840 1
83850 1
83863 1
83862 1
83871 1
83872 1
83858 1
83865 1
83861 1
83870 1
83868 1
83849 1
83834 1
83835 1
83832 1
83826 1
83816 1
83823 1
83822 1
83820 1
83802 1
83814 1
83795 1
83789 1
83797 1
83805 1
83794 1
83790 1
83779 1
83772 1
83776 1
83793 1
83808 1
83813 1
83829 1
83833 1
83831 1
83848 1
83824 1
83842 1
83851 1
83845 1
83839 1
83811 1
83788 1
83777 1
83764 1
83786 1
83765 1
83762 1
83780 1
83758 1
83763 1
83754 1
83781 1
83791 1
83807 1
83818 1
83827 1
83847 1
83869 1
83867 1
83884 1
83874 1
83880 1
83873 1
83877 1
83883 1
83902 1
83907 1
83899 1
83901 1
83911 1
83925 1
83912 1
83893 1
83888 1
83904 1
83917 1
83908 1
83927 1
83942 1
83954 1
83962 1
83949 1
83931 1
83945 1
83940 1
83948 1
83934 1
83930 1
83935 1
83950 1
83959 1
83977 1
83991 1
83981 1
83968 1
83967 1
83975 1
83970 1
83952 1
83963 1
83956 1
83944 1
83961 1
83943 1
83923 1
83941 1
83932 1
83915 1
83924 1
83933 1
83946 1
83965 1
83960 1
83958 1
83938 1
83937 1
83955 1
83973 1
83988 1
83985 1
83999 1
83994 1
84005 1
83987 1
84003 1
84020 1
84021 1
84040 1
84041 1
84060 1
84072 1
84083 1
84098 1
84107 1
84109 1
84126 1
84121 1
84115 1
84110 1
84090 1
84100 1
84101 1
84096 1
84079 1
84076 1
84058 1
84071 1
84089 1
84082 1
84093 1
84088 1
84075 1
84077 1
84094 1
84095 1
84104 1
84086 1
84102 1
84128 1
84146 1
84139 1
84152 1
84135 1
84171 1
84189 1
84193 1
84212 1
84225 1
84207 1
84195 1
84210 1
84226 1
84230 1
84233 1
84227 1
84242 1
84231 1
84247 1
84261 1
84254 1
84232 1
84238 1
84240 1
84235 1
84255 1
84258 1
84262 1
84256 1
84275 1
84286 1
84268 1
84291 1
84283 1
84305 1
84310 1
84327 1
84316 1
84309 1
84312 1
84357 1
84340 1
84333 1
84364 1
84347 1
84373 1
84386 1
84400 1
84390 1
84402 1
84415 1
84428 1
84444 1
84426 1
84442 1
84469 1
590 1
