deque([(110, 28, 1), (109, 29, 1)])
6931
00000000000000000000000000000000000000000000000000000000000000000000000000000000000000000000000000000000000000000000000000000000000000000000
00000000000000000000000000000000000000000000000000000000000000000000000000000000000000000000000000000000000000000000000000000000000000000000
00000000000000000000000000000000000000000000000000000000000000000000000000000000000000000000000000000000000000000000000000000000000000000000
00000000000000000000000000000000000000000000000000000000000000000000000000000000000000000000000000000000000000000000000000000000000000000000
00000000000000000000000000000000000000000000000000000000000000000001100011100000000000011111111000000000000000000000000000000000000000000000
00000000000000000000000000000000000000000000000000000000000000000011111011110000000000011111111110000000000000000000000000000000000000000000
00000000000000000000000000000000000000000000000000000000000000011111111101110000000000001111111111000000000000000000000000000000000000000000
00000000000000000000000000000000000000000001100000011100000000011101111111110000000000001111111111000000000110000000000000000000000000000000
00000000000000000000000000000000011001111001110000011100011000001111111111110000000011111111011110000000000110000000000000000000000000000000
00000000000000000000000000000000111111111001110000111111111111111111111101111011001111111111111111000000001111011000000000000000000000000000
00000000000000000000000000000000111111111111111011111111111111111111111111111111111111111111111111111000001111111000110000000000000000000000
00000000000000000000000000000001111111111111111011001111111101111111111111111111111111111111111111111011011111111101111100000000000000000000
00000000000000000000000000000001111111111111111111111111111111111111111111111111110011111111111111111111111111111111111100000000000000000000
00000000000000000000000000000001111111111111111111111111111111111111111111111111011111111111111111101111111111111011111110000000000000000000
00000000000000000000000000000001111111111111111111111111111111111111111111111111111111111111111111111111111111111111111111111001110000000000
00000000000000000000000000001111111101111111111111111110111111111111111111111111111111111111111111111111111110111111111111111011110000000000
00000000000000000000000000001111111111111101111111111111111111111111111111111111111111111111111110111111111111111111111111111011110000000000
00000000000000000000000000011011111111111111111111111111111110111111111111111001111111111111111111111111101111111111101111111111110000000000
00000000000000000000000111011111110111111011101111111111111111111111111111111101111111111111011111111111111110111111111111111111110000000000
00000000000000000000000111011111111111111111111111110111110111111111111111111111111111111111111111111111111111111011111101111111110000000000
00000000000000000000001110001111111111111111110111111111111011011111111111111111111011111111111111111111111111111111111111111111100000000000
00000000000000000000111111111111110111111111111111111111111111111111111111111111111101111111011111111111111111111111111111111011001100000000
00000000000000000000111101111111111111111111111111111111011111111111111111011111111111111111111111111111111111111111111111111111101100000000
00000000000000000000011111111011111111111111111111111111111011110111111111111111111111111111111110111111111111111111111111111111101100000000
00000000000000000000011111111111111111111111111111111110111111111111111111111011111111111111111111111110111111111111111111111111111100000000
00000000000000001100011111111111111111111101111101111111111111111111111111111111111111111111111111111111111111111111111111111111111100000000
00000000000000111111111111111111111111111111111111111101111111111111111110111111111111111111111111111111111111111111111111111111111100000000
00000000000111111111111111111111111111101111111111111111111111111111111111111111111111101111111111111111111111111111111111111110110000000000
00000000110111111111111111111111111111111111111111111111111110111111111011111111111111111111101111111111111111111111111111111111111110000000
00000000111011111111111111111111111111111111101111111110111111111111111111111111111111111111111111111111111111111111111111110111111110000000
00000000111111111111111111111111011111111111111111111111111111111111111111111111110111111101111111111111111111111110111111111111110000000000
00000000111111111111111111111111111111111111111111111111111111111111111111111111111111011111111011111111111111111111111111111111100000000000
00000000111111111111111111111111111111111111111111111111111111110111111111111111111111111111101111111111111111111111111111111111100000000000
00000001111111111111111111111111111111111111111111111111111111111111111111111111111111111111111111111111111111111011111111111111110000000000
00000111111111111111111111111111111111111111101111110110111111111111111111111111011111111111111111111111110111111111111111111111110000000000
00000111111111111111111111111111111111111111111111111111111111111111111111111111111111111111111111111111111111011111011011011111111100000000
00000111111111111111111111111111111111111111111111111111111111111111111111111111111111110111111011111111111111111111101111111111111100000000
00000111111111111111111111111111111111111111111111111111111111111111111111111111111111111111111111111111111101111111111111111111111000000000
00000111111111111110111111101111111111111111111111111110110111111111111111111111111111111110110111011111111111111111111111111111111000000000
00001111111111111111111111111111111111111111111111111111111111111111111111111111111111111111111111111111111111111111111011111111100000000000
00001111111111111111111111111111111111111111111011111111111111101111111111111111111111011011111111111111110111111111111111111111000000000000
00000011000011111111111111111111111111111111111111111111111111111111111110111111111111111111101111011011011111111111111111111111000000000000
00000111011111111011110111111111111111111111111111111111111110111111111111111111111111111111111111111111111111111111111111111111110000000000
00000111011111111111111111111111111111110111111011111111101111111111111111111111111111111101111111111111111111111111111111111111111100000000
00000110001111111111011111111111111111111111011111111111111111111111111111111111111111011111111111111101111111111111111111111111111100000000
00000000011111111111111111111111111111111111111111111111111111111111111111110111111111101111111111111111111101111111111111101111111110000000
00000000011111111111111111111111111111111111111011110111111111111111111111111111111111111111111111011111111111111111111111111111111110000000
00000000001101101101101111111111111110111111111111111111111111111110111111111111111101111111111111111111111111100111111111111111111100000000
00000000001111111111111111111101111111111111111111111110111101111111111111110110111111111111111111111111111111111111111111111111111110000000
00000000001111111111111111011111111111111111111111111111111111111111111111111111111111111111111111111111111111111111111111111111111110000000
00000000000111111111111111111111111111111111111111111111111111111111101111111111111111111111111110111111111111111111111111111111111100000000
00000000000011111111111111111111111111011110111111111111111111011111111111111111111111111111110111111111111111111111111111111111000000000000
00000000011111111111101111111111111111111111111111111111111111111111011111111111111111111111111111111111111111111111111111111111110000000000
00000110011111111111011111111111111111111111111111111111111111111111111111111111111111111111111111111111111111111111111011111111111000000000
00001111111111111111111111111111111111111111111111111111011111110110111111111111111111111111111111111111111111011111111111111011111000000000
00001111111111111111111111111111111111111111111111111111111111111111111111111111111111111111111111111111111111111111111111101111110000000000
00000111111111111111011111111111111111111111111111111111101111111111111111011111111111111111111111111111111111111111111011111111111000000000
00000111111111111111101111111111111111111111111111111111011111111111111111111111111111111111111111111111111111111111111111111111111000000000
00000011111111101111111111111111111111111111111011111111111111111111111111111111111111111111111111111111111111111111111111111111111000000000
00000001101111111111111111111111111111111111111111111111111110111111111111111111111111111111111111111111111111111111111011111111111000000000
00001111111101111111111011111111111111111111111111111111111111101111111111111011101111101111111111110111111111111111111111111111100000000000
00001111111111111111111111111111111111111111111111111111111111111111111111110011111111111111111111111111111111111101111111111111000000000000
00111111111011111111111111111111111111111111111111111111111111111111111111111111111111111111111111111011111111111111111111111111110000000000
00111111111111111111111111111111011111111111111111111111111110111111111111111111101111111111111111111111111111111111111111111111110000000000
00111111111111111111111111111111111111111111111111111111111111111100111111111111111101111111111111111111111111111111111111111101100000000000
00111111111011111111111111111111111111111111111111111111111111011000011111111111111111111111111111111111111110111111111111011111110000000000
00001111001111111111111111111111011111111111111111111111111110000000011100111111111111111111111111111111011111111111111111111111110000000000
00001111001111111111111111110111111111111111111111111110111000000000011000001111111111111111111101111111111111111111111111111011110110000000
00001100011111111111111111101111111111011111111111111111011000000000000000011111111111111111111111111111111110111111111111111111110110000000
00000001111111111111111111111111111111111111111111111111111100000000000000111111111111111111111110111111111111111111111111111111110110000000
00000111111111111111111111111111111111111111110111101111111100000000000000111111111111111111111111111111111111111101111111111110110111100000
00111111111111111111111111111111111111011111111111011111111111111000000000001111111111111111111111111111111111111111111111111111111111100000
00111111111011111111110111111111111111110111111111111111111111111000000000001110111111111011111111111011111111111111111110110111111110000000
00011111111111111111111111111111111111111111111111111111111111110000000000000000111111111111111111111111111111111111111111111111111111111000
00111111111111111011111111111111111111111111111011011111111111110000000000000000111111111111111111011111111111111111111111111111111111111100
00111111111111111111111111101111111111111111111111111111111111110000000000000000011110111111111111111111111111111111111111111111111111111100
00011111111111111111111111111111111111111111111111111111101100000000000000000000011111111111111111111111111111111111111111111111101111111000
01111011111111111011111111111111111111111111111111111111100000001100000001110000111111111111111111111111111111111111111111111111111111111111
01111111111111111111111111111111111111111111111111110111100000001100001101110000111011011111111111111111111111111111111111011111111111111111
11111111111111111111111111111111111111111111111111111011110001111100111101111111111111110111110111111111111111111111110111111111111111110110
11111111111011111111111111111111111111111111111111111111110111111111111111111111111111111011111111111111111111111111111111111111111111111110
01111111111111111111111111111111111111111111011111111111111111111111111111100111111111111111111111111111111111111111111111111111111111111110
11111111111111110110111111111111111111111111111111111110111111111111111111111111011111111111111111101101111111111111111111011110011111110000
11111101111011011111111111111111111111111111111111111111110011111111111111111111111111111011111011111111111111111111111111111111101110000000
01111101100111111111111111111111111111011111111111111111111111111111111111111101111111111111101111111111111111111111111111111111101110000000
00000000000111111110110111111011111111111111111111111111111111111110111111111111111111111111111111111111111111111111111111111110111111000000
00000000000011111111111111111111111111111111111111111111111111111111111111111110111111011111011111111111111111111111111111111111111111000000
00000000000000111111111111111111111111111111111111111111111111111111111111111111111111111111111111111111111111111111111111111111111100000000
00000000000000111111111111111111111111111111111111111111011111111111111111111111111111111111111111111111111111111111111111111111101100000000
00000000000011111111111111111111111111111101111111011111111111111111111111111111111101111111111111111111011111111111111111101111011000000000
00000000000111111111111111111111111111110111111111111111111111111111111011111111111111101111111111111111111111111111111111111111111000000000
00000000000111111101101111111111111111111111111111111111111111111111111111111111111111111111111111111111111111011111111111111111111000000000
00000000000111111111111111111111111111111111110111111111111111111111111111011111111111111111111111111101111111111111111111111111111100000000
00000000000111111111111111111111111101111111111111111101101111111111111101111111111111111111101111110111111111111111111111111111111110000000
00000000011111111111111111111111111111111111111111111111111111111111111111111111111111111111111111101111111101101111111111111111111110000000
00000001111111111111111111111111111111111111111111111111111111111111111111111111111111111110111111111111111111111111111111111111111100000000
00000001111111111011011111111111111111111111111111111111111111111111110111111110111011111111111111111111111111111111111111111111111110000000
00000001101111011110111111111111111111111101111011111111111111011111111111111111111111111111111111111011110110110111111111111111111111000000
00000000001111111111111111111111111111111111111111111111111011011111111111111111111111111110111111111111111111111111110111111011111111000000
00000000001111111111110111111111111111111111111111111111111111111111111111111111111111111111111111111111111111111111111111111111111110000000
00000000000001111111111111111111111111111111111111111111111111111111111111111111111111111111111011111111110110111111111111111111110000000000
00000000000001111111111111011111111111011111111110111111011011111111111111111111111111111011111111111111011111111111111011111111100000000000
00000000000011111111111111111111111111111111111111111111111111111111111111111111111111111101111111111111111111111111111111111111100000000000
00000000000111111110111111111111111111111011111111111111111111111111111111111111111111111111111111111111110111111111111111111111100000000000
00000000000111011111111111111111111101101111111111111111111111111111111111111111110111111111111111111101111111111111111111111111100000000000
00000000000011111111011111110111111111111111111111111111111111111111111111111111111111111111111111111111111110111111111111110110000000000000
00000000000011111111111111111111111111110111111111111111111111111111111111111111111101111011111111011110111111111111111111111111111000000000
00000000000000011111111111111111111111111111111111111111111110111111111111111111111111111111111111111111111111111111111111111111111000000000
00000000000000111111111101111111111110111111111111111111101111011111011111111111111111111111111111111111111111111110111111111111000000000000
00000000000000111111111111111111111101111111111111110111111111111111111111111111111111111111111111110111111111111111111111111111000000000000
00000000000000111111111111111111111111111111111111111111111111111111111111111111111111111111111111111111111111111111111111111110000000000000
00000000000000111111111110111111111111111111111011111111111111110111111111111111111111110111101111111111111111111111111111111110000000000000
00000000000000000011111111111111111101111111111110111111111111111011111111111111111111111111111111111111111111011101111111111100000000000000
00000000000000000011111111111111111111111111111111011111111111111111111110111111111111111111111111111111111111111111110111111000000000000000
00000000000000000011011111111111111111111111111111111111111111111111111111111111111111111111111111111111111111101111110111111000000000000000
00000000000000000000110111111111111111111111111111111111111111111111110111111111111111111111111111111111111111111111110111100000000000000000
00000000000000000000111111111111011110111111111111111111111111111111111111111111111111111111111111110111111111111111000001100000000000000000
00000000000000000011111111111111111111111111111011111111111111111111111111111111111111111111111111111011111111111111000000000000000000000000
00000000000000000011111111111111111111111011111111111111110111111111111111111111111111111111111111111111111111111111100000000000000000000000
00000000000000000011111111111111111110111111111111111011111111111111111111111111111111111111111111011111111111111111100000000000000000000000
00000000000000000011111111111111111111111111111011111111111111111111111111111111111111111011111111111111111111111111000000000000000000000000
00000000000000000000111111111111111111111111111111111111111111111111111011110111111111111111111111111111111001111000000000000000000000000000
00000000000000000000111111111111111111111111111111111110111111101111111111101111111111111111111111111110111111111100000000000000000000000000
00000000000000000000111110111111111111111111101111111111111111111111111111111111111111111011111111111111111111111100000000000000000000000000
00000000000000000000111111111111111111111111111111111111111111111111111111111111111111111111111111111111111111111000000000000000000000000000
00000000000000000000000111111111111111111111011111111111100001111111111111101111111111111111111111111111110111110000000000000000000000000000
00000000000000000000011111111111111111111111111111111111000001111111111111111111111111111110110111111111111111110000000000000000000000000000
00000000000000000000011111011111111111101111111011011111000000000011011111111111111111111111111111101111111111110000000000000000000000000000
00000000000000000000011111111011111111111111111111111111100000000011111110011111110111111111111111111111111111110000000000000000000000000000
00000000000000000000011100111001101111111111111111111111100000000011111000000111111111111111111101111111111111100000000000000000000000000000
00000000000000000000000000000000000110011111111011011110000000000110111100000111111111111111111111111111111111100000000000000000000000000000
00000000000000000000000000000000000110000111011000011000000000000111111100000011111111101111111111111111111111100000000000000000000000000000
00000000000000000000000000000000000000000111000000000000000000000111111000000011111111111111110111111111111111100000000000000000000000000000
00000000000000000000000000000000000000000000000000000000000000011111111000000001100001111111111111111111111111100000000000000000000000000000
00000000000000000000000000000000000000000000000000000000000000011111110000000000000001111111111111111111111111110000000000000000000000000000
00000000000000000000000000000000000000000000000000000000000000000011110000000000000001110110111111011110111111110000000000000000000000000000
00000000000000000000000000000000000000000000000000000000000000000000110000000000000000000110011110111100111111100000000000000000000000000000
00000000000000000000000000000000000000000000000000000000000000000000000000000000000000000000011111111000000110000000000000000000000000000000
00000000000000000000000000000000000000000000000000000000000000000000000000000000000000000000001111110000000000000000000000000000000000000000
00000000000000000000000000000000000000000000000000000000000000000000000000000000000000000000000000000000000000000000000000000000000000000000

